0.0000	
0.0634	
0.1007	
0.1130	
0.1007	
0.0634	
0.0000	
0.0000	
0.0000	
0.0000	
0.0000	
0.0000	
0.0000	
0.0000	
0.0351	
0.0852	
0.1099	
0.1099	
0.0852	
0.0351	
0.0000	
0.0000	
0.0000	
0.0000	
0.0000	
0.0000	
0.0000	
0.0548	
0.0859	
0.0960	
0.0859	
0.0548	
0.0000	
0.0306	
0.0731	
0.0935	
0.0935	
0.0731	
0.0306	
0.0184	
0.0501	
0.0751	
0.0938	
0.1061	
0.1122	
0.1122	
0.1061	
0.0938	
0.0751	
0.0501	
0.0184	
0.0000	
0.0000	
0.0000	
0.0000	
0.0000	
0.0000	
0.0000	
0.0000	
0.0000	
0.0000	
0.0000	
0.0000	
0.0000	
0.0000	
0.0616	
0.0386	
0.0975	
0.0588	
0.1093	
0.0652	
0.0975	
0.0588	
0.0616	
0.0386	
0.0000	
0.0000	
0.0179	
0.0309	
0.0729	
0.0552	
0.1027	
0.0648	
0.1086	
0.0616	
0.0908	
0.0451	
0.0487	
0.0118	
0.0161	
0.0220	
0.0118	
0.0341	
0.0487	
0.0435	
0.0647	
0.0506	
0.0451	
0.0826	
0.0908	
0.0802	
0.0903	
0.0636	
0.0616	
0.1063	
0.1086	
0.0953	
0.0953	
0.0636	
0.0648	
0.1063	
0.1027	
0.0903	
0.0802	
0.0506	
0.0552	
0.0826	
0.0729	
0.0647	
0.0435	
0.0220	
0.0309	
0.0341	
0.0179	
0.0161	
