0.0000	
0.1140	
0.0000	
0.0000	
0.0972	
0.0000	
0.0000	
0.0000	
0.0000	
0.0858	
0.0858	
0.0739	
0.0739	
0.0000	
0.0000	
0.0000	
0.1101	
0.0000	
0.0000	
0.0661	
0.0000	
0.0832	
0.0832	
0.0514	
0.0514	
0.0504	
0.1067	
0.1068	
0.0503	
0.0439	
0.0912	
0.0912	
0.0439	
0.0000	
0.0000	
0.0000	
0.0000	
0.0000	
0.0000	
0.1129	
0.1051	
0.0000	
0.0000	
0.0000	
0.0000	
0.0845	
0.0389	
0.0000	
0.0000	
0.0500	
0.0988	
0.1060	
0.0470	
0.0390	
0.0370	
0.0797	
0.0197	
0.0490	
0.0796	
0.0471	
0.0852	
0.1060	
0.1034	
0.1034	
0.0796	
0.0988	
0.0852	
0.0501	
0.0490	
0.0315	
0.0310	
0.0197	
0.0649	
0.0798	
0.0625	
0.0625	
0.0310	
0.0371	
0.0649	
0.0390	
0.0315	
0.0271	
0.0699	
0.1118	
0.0980	
0.1121	
0.0981	
0.0268	
0.0699	
0.0236	
0.0605	
0.0955	
0.0841	
0.0955	
0.0841	
0.0236	
0.0605	
0.0000	
0.0000	
0.0000	
0.0000	
0.0000	
0.0000	
0.0000	
0.0000	
0.0000	
0.0000	
0.0000	
0.0000	
0.1134	
0.1117	
0.1014	
0.1079	
0.0000	
0.0000	
0.0000	
0.0000	
0.0000	
0.0000	
0.0000	
0.0000	
0.0913	
0.0762	
0.0210	
0.0538	
0.0000	
0.0000	
0.0000	
0.0000	
0.0271	
0.0688	
0.0999	
0.0932	
0.1118	
0.0964	
0.0246	
0.0667	
0.0226	
0.0487	
0.0209	
0.0474	
0.0900	
0.0666	
0.0066	
0.0353	
0.0264	
0.0679	
0.0771	
0.0817	
0.0631	
0.0260	
0.0856	
0.0844	
0.0979	
0.1101	
0.1085	
0.0950	
0.1085	
0.0951	
0.0771	
0.0817	
0.0878	
0.1063	
0.0856	
0.0844	
0.0698	
0.0267	
0.0264	
0.0679	
0.0174	
0.0427	
0.0171	
0.0423	
0.0146	
0.0147	
0.0699	
0.0589	
0.0794	
0.0752	
0.0652	
0.0580	
0.0652	
0.0580	
0.0171	
0.0423	
0.0190	
0.0531	
0.0699	
0.0589	
0.0574	
0.0196	
0.0174	
0.0427	
0.0269	
0.0496	
0.0267	
0.0954	
0.0878	
0.0908	
0.0248	
0.0254	
0.0457	
0.0667	
0.0651	
0.0482	
0.0503	
0.0698	
0.0694	
0.1119	
0.1112	
0.1066	
0.1035	
0.1014	
0.1063	
0.0973	
0.1050	
0.0964	
0.1111	
0.1049	
0.1101	
0.0456	
0.0630	
0.0651	
0.1001	
0.1035	
0.0955	
0.0932	
0.0909	
0.1014	
0.1066	
0.0979	
0.0973	
0.0272	
0.0270	
0.0503	
0.0254	
0.0481	
0.0260	
0.0694	
0.0496	
0.0688	
0.0213	
0.0357	
0.0196	
0.0202	
0.0190	
0.0346	
0.0068	
0.0113	
0.0113	
0.0353	
0.0261	
0.0263	
0.0417	
0.0574	
0.0535	
0.0902	
0.0834	
0.0861	
0.0385	
0.0510	
0.0531	
0.0737	
0.0720	
0.0666	
0.0833	
0.0720	
0.0752	
0.0112	
0.0146	
0.0261	
0.0211	
0.0385	
0.0203	
0.0474	
0.0346	
0.0510	
0.0861	
0.0794	
0.0736	
0.0228	
0.0213	
0.0418	
0.0112	
0.0263	
0.0147	
0.0535	
0.0357	
0.0487	
